[
    3,
    1,
    0,
    0,
    1,
    178,
    32,
    76,
    78,
    34,
    143,
    56,
    64,
    104,
    116,
    116,
    112,
    115,
    58,
    47,
    47,
    121,
    105,
    110,
    103,
    120,
    105,
    97,
    111,
    46,
    112,
    105,
    110,
    100,
    117,
    111,
    100,
    117,
    111,
    46,
    99,
    111,
    109,
    47,
    109,
    97,
    114,
    107,
    101,
    116,
    105,
    110,
    103,
    47,
    109,
    97,
    105,
    110,
    47,
    99,
    101,
    110,
    116,
    101,
    114,
    47,
    115,
    101,
    97,
    114,
    99,
    104,
    47,
    108,
    105,
    115,
    116,
    0,
    40,
    39,
    205,
    125,
    64,
    205,
    13,
    199,
    8,
    72,
    30,
    52,
    50,
    57,
    48,
    55,
    55,
    50,
    56,
    57,
    56,
    55,
    50,
    53,
    49,
    54,
    54,
    45,
    49,
    54,
    49,
    57,
    55,
    55,
    51,
    50,
    57,
    56,
    51,
    51,
    52,
    80,
    128,
    64,
    88,
    191,
    75,
    230,
    189,
    97,
    121,
    105,
    121,
    113,
    8,
    120,
    120,
    77,
    111,
    122,
    105,
    108,
    108,
    97,
    47,
    53,
    46,
    48,
    32,
    40,
    77,
    97,
    99,
    105,
    110,
    116,
    111,
    115,
    104,
    59,
    32,
    73,
    110,
    116,
    101,
    108,
    32,
    77,
    97,
    99,
    32,
    79,
    83,
    32,
    88,
    32,
    49,
    48,
    95,
    49,
    53,
    95,
    55,
    41,
    32,
    65,
    112,
    112,
    108,
    101,
    87,
    101,
    98,
    75,
    105,
    116,
    47,
    53,
    51,
    55,
    46,
    51,
    54,
    32,
    40,
    75,
    72,
    84,
    77,
    76,
    44,
    32,
    108,
    105,
    107,
    101,
    32,
    71,
    101,
    99,
    107,
    111,
    41,
    32,
    67,
    104,
    114,
    111,
    109,
    101,
    47,
    57,
    48,
    46,
    48,
    46,
    52,
    52,
    51,
    48,
    46,
    57,
    51,
    32,
    83,
    97,
    102,
    97,
    114,
    105,
    47,
    53,
    51,
    55,
    46,
    51,
    54,
    128,
    40,
    88,
    112,
    69,
    97,
    108,
    112,
    103,
    74,
    108,
    112,
    85,
    97,
    110,
    113,
    69,
    106,
    110,
    67,
    95,
    83,
    75,
    51,
    119,
    78,
    78,
    98,
    56,
    97,
    84,
    119,
    89,
    110,
    122,
    115,
    114,
    89,
    126,
    114,
    118,
    104,
    136,
    40,
    88,
    112,
    69,
    97,
    108,
    112,
    103,
    74,
    108,
    112,
    85,
    97,
    110,
    113,
    69,
    106,
    110,
    67,
    95,
    83,
    75,
    51,
    119,
    78,
    78,
    98,
    56,
    97,
    84,
    119,
    89,
    110,
    122,
    115,
    114,
    89,
    126,
    114,
    118,
    104,
    144,
    64,
    104,
    116,
    116,
    112,
    115,
    58,
    47,
    47,
    121,
    105,
    110,
    103,
    120,
    105,
    97,
    111,
    46,
    112,
    105,
    110,
    100,
    117,
    111,
    100,
    117,
    111,
    46,
    99,
    111,
    109,
    47,
    109,
    97,
    114,
    107,
    101,
    116,
    105,
    110,
    103,
    47,
    109,
    97,
    105,
    110,
    47,
    99,
    101,
    110,
    116,
    101,
    114,
    47,
    115,
    101,
    97,
    114,
    99,
    104,
    47,
    108,
    105,
    115,
    116,
    160,
    24,
    114,
    66,
    81,
    82,
    52,
    50,
    67,
    67,
    120,
    89,
    66,
    98,
    65,
    48,
    116,
    100,
    49,
    108,
    90,
    47,
    65,
    103,
    61,
    61,
    169,
    1,
    182,
    1,
    121,
    34,
    3,
    21,
    142
]